0,下列表述不正确的有,南南合作和南北对话属于不同范畴,南北对话同东西对话是同一性质的问题,南南合作与南北对话的目标是一致的,南南合作和南北对话相辅相成,B,B
1,2007年1月，正式将防卫厅升格为防卫省，迈出突破“和平宪法”关键一步的是什么内阁,安倍内阁,小泉内阁,福田内阁,渡边内阁,A,A. 安倍内阁
2,被称为“拉丁美洲的《纽约时报》”的报纸是,《至上报》,《巴西日报》,《环球报》,《圣保罗州报》,D,C. 《环球报》
3,提出建立“欧洲合众国”设想的人是,让·莫内,卡勒基,白里安,丘吉尔,D,C. 白里安
4,首次对中国采取包围与遏制政策的美国政府是哪一届,肯尼迪政府,杜鲁门政府,约翰逊政府,艾森豪威尔政府,B,B. 杜鲁门政府
5,1989年美国布什政府提出了超越遏制战略，其核心内容是什么,放弃对苏联的军事遏制，停止核军备竞赛,扩大自由国家大家庭，把苏联势力推回本土,把苏联和东欧国家纳入西方社会体系,以实力为后盾，加强对第三世界的渗透,C,B
6,经济全球化迅猛发展的条件是,经济总量的提高,信息技术的推动,生活条件的改善,资源有效地利用,B,B. 信息技术的推动
7,美国经济中的一个顽疾是什么,巨额贸易逆差,社会问题严重,贫富两极分化,高额财政赤字,A,D. 高额财政赤字
8,西方世界最大的公共广播电视公司是,美国有线电视新闻网,法国公共广播电视,哥伦比亚广播公司,英国广播公司,D,D. 英国广播公司
9,冷战结束以来，大国之间经常建立“伙伴关系”，这种关系是,既非对立又非结盟的关系,军事集团关系,结盟关系,对立关系,A,A. 既非对立又非结盟的关系
10,苏联政治经济体制的形成是在,十月革命取得胜利之后,60年代,第二次世界大战后初期,30年代,C,C. 第二次世界大战后初期。
11,90年代日本经济衰退的实质原因是什么,体制性危机,政治局势动荡不安,日元升值,政府经济政策失误,A,A. 体制性危机
12,截至2013年12月11日，我国加入WTO已经12年。12年来的实践证明并且将进一步证明，中国加入WTO a. 拓展了我国对外开放的空间，提高了我国对外开放的水平；b. 促进了国内产业的发展，有助于完善我国的市场经济体制；c. 扩大了我国对外贸易顺差，维护了我国国家利益；d. 减少了贸易摩擦，降低了经济和金融风险,ab,cd,bd,ac,A,A
13,标志着欧盟共同外交与安全政策正式形成的是,里斯本条约生效,马斯特里赫条约生效,单一欧洲法令生效,欧洲联盟条约生效,B,B. 马斯特里赫条约生效。
14,英国最早的定期报刊是1621年出版的,《各地见闻》,《报纸》,《新闻报道》,《每周新闻》,D,D. 《每周新闻》
15,日本谋求政治大国战略口号提出的标志是1983年的“政治总决算路线”，提出者是谁,小渊惠三,中曾根康弘,铃木善幸,宫泽喜一,B,B. 中曾根康弘
16,在192个联合国成员中共有多少个国家签署了《不扩散核武器条约》,188,150,160,192,A,D. 192
17,下列不属于金砖国家的是,俄罗斯,澳大利亚,印度,巴西,B,B. 澳大利亚
18,第一次不结盟国家和政府首脑会议在哪里召开的,北京,开罗,贝尔格莱德,孟买,C,C. 贝尔格莱德
19,以建立没有贸易壁垒的世界市场为宗旨的是,世界贸易组织,欧洲自由贸易区,世界银行,国际货币基金组织,A,A. 世界贸易组织
20,关于军事因素在世界政治中的作用，错误描述是哪一个,与以往相比，对世界政治的作用更复杂了,军事实力的对比状态，是世界政治力量对比关系的基础,冷战后对世界政治的影响较以往有所下降,在经济全球化背景下，军事因素对世界政治的影响已经边缘化,D,D
21,西沙群岛中最大的岛屿是,甘泉岛,永兴岛,太平岛,华阳礁,B,B. 永兴岛。
22,美国工业产值首次跃居世界第一位是哪一年,1865年,1947年,1890年,1918年,C,B. 1947年
23,1944年7月在美国布雷顿森林城召开了什么会议,关税和贸易会议,联合国大会,国际货币金融会议,世界银行大会,C,C. 国际货币金融会议。
24,马来西亚目前最有影响的日报是,华文《南洋商报》,华文《新明日报》,英文《新海峡日报》,马来文《马来使者报》,C,D. 马来文《马来使者报》
25,提出“多边自主外交”方针的是,法国戴高乐政府,日本田中角荣政府,西德科尔政府,英国撒切尔政府,B,A. 法国戴高乐政府
26,目前世界上综合实力最强、影响最大的国际广播电台是,美国之音电台,俄罗斯之声电台,德国之声电台,英国广播公司,A,A. 美国之音电台
27,2008年12月，俄罗斯国家杜马和联邦委员会相继通过了俄罗斯总统梅德韦捷夫提请的俄联邦宪法修正案，规定将总统任期延长至,6年,5年,8年,7年,A,C. 8年
28,莫斯科电视中心和列宁格勒电视中心实验播映是在,1939,1938,1937,1936,B,B. 1938
29,与中国在黄岩岛问题上有领土争议的国家是,泰国,菲律宾,马来西亚,越南,B,B. 菲律宾
30,以下重要事件中直接导致雅尔塔体系瓦解的有,美国提出“超越遏制”战略,苏联全面改革,欧洲联盟建立,两德统一,D,B. 苏联全面改革
31,1971年标志着以美元为核心的什么体系开始瓦解,美欧联盟体系,国际贸易体系,雅尔塔体系,布雷顿森林体系,D,D. 布雷顿森林体系
32,1998年12月，英法联合发表了（）正式提出欧洲共同防务建设的目标,欧洲防务合作宣言,欧洲经济同盟,欧洲军事同盟年,欧洲警务合作宣言,A,A. 欧洲防务合作宣言
33,和谐世界理论首次提出的时间是,2005年7月，胡锦涛出访俄罗斯,2006年8月，胡锦涛在中央外事工作会议上的重要讲话,2005年9月，胡锦涛在联合国总部发表演讲,2005年4月，胡锦涛参加雅加达亚非峰会,C,C. 2005年9月，胡锦涛在联合国总部发表演讲。
34,推动国际政治发展的决定性力量应该是,军事实力,生产力,综合国力,正义和道德的力量,B,B. 生产力
35,美国首先提出把人权作为外交政策基本原则的是哪一任政府,卡特政府,肯尼迪政府,克林顿政府,艾森豪威尔政府,A,A. 卡特政府
36,什么是对世界经济政治最高层次的判断,格局特征,世界的基本矛盾,世界形势,时代主题,D,C. 世界形势。
37,世界上开办最早的国际新闻电视机构是=,美国的世界电视网,美国的有线电视新闻网,英国的世界电视台,香港的卫星电视台,B,C. 英国的世界电视台
38,在区域经济集团组织中，经济一体化程度最高的是,欧洲联盟,东南亚国家联盟,北美自由贸易区,西非国家经济共同体,A,A. 欧洲联盟
39,银保监会数据显示，2022年全年我国脱贫人口小额信贷累计发放933.5亿元，同比,增长18%,增长15%,增长24%,增长22%,C,B. 增长15%
40,目前全球大约有6.5万家跨国公司。它们大约控制着世界生产总值的30%、世界贸易的60%、技术研究开发及技术转移的80%，以及海外直接投资的90%。跨国公司在当今世界经济中具有的重要作用是a促进了各国基本经济制度的确立；b为国际贸易制定了一系列基本原则和协定；c推动了国际分工水平的提高；d促进了资金、技术、人力、商品等在全球范围内的流动,cd,ab,bc,ad,A,D. ad
41,人类对地球环境产生大量影响以前，地球二氧化碳升高的主要原因是,板块运动,海洋变化,火山喷发,水汽输送,C,D. 水汽输送
42,意大利最大的通讯社是,共同社,时事社,罗斯塔社,安莎社,D,D. 安莎社
43,决定组成欧洲共同体的条约是,布鲁塞尔条约,罗马条约,欧洲煤钢共同体条约,欧洲原子能联营条约,A,B. 罗马条约
44,世界上地理范围最大的区域经济合作组织是,不结盟运动,联合国,亚太经济合作组织,欧洲联盟,C,C. 亚太经济合作组织
45,美国率多国部队与伊拉克之间的第一次海湾战争是在哪一年发生的,1999,2003,1974,1990,D,B. 2003
46,新军事革命是以什么为核心,武器装备革命性变化,军事信息化,编制体制改革日益深化,作战理论不断创新,B,B. 军事信息化
47,美国是在哪一年宣布退出《反导条约》的,2001年,1972年,2005年,2000年,A,C. 2005年
48,现存历史最为悠久而且从未改变名称的国际通讯社是,路透社,美联社,合众国际社,法新社,A,A. 路透社
49,提出“地中海联盟”的是,布什,萨科齐,布莱尔,安南,B,B. 萨科齐
50,哪项不是战后日本经济崛起的外部因素,50到70年代中期世界市场的粮食、燃料和原料充足低廉,贸易立国与科教兴国,朝战和越战军事订货刺激日本经济,冷战的加剧使美国对日政策转向积极扶持,B,A
51,中国目前面临的最主要安全问题应该是,环境安全,政治安全,经济安全,军事安全,A,D. 军事安全
52,90年代后期，德国发行量最大的日报是,《世界报》,《南德意志报》,《西德意志报》,《图片报》,D,D. 《图片报》
53,正式启动欧洲一体化的计划是,白里安计划,艾森豪威尔计划,舒曼计划,马歇尔计划,C,C. 舒曼计划
54,东南亚金融危机发生于哪一年,1997年,2007年,1982年,2003年,A,A. 1997年
55,下列关于古巴导弹危机的正确描述是哪一个,发生在1962年,在该危机中，美苏关系到了核大战的边缘,主要是美国和古巴之间的战争危机,主要是美国和苏联之间的战争危机,C,B. 在该危机中，美苏关系到了核大战的边缘。
56,美国同中华人民共和国正式建立外交关系是在哪一届总统任期,尼克松总统时期,里根总统时期,卡特总统时期,肯尼迪总统时期,C,A. 尼克松总统时期
57,在国际货币基金组织和国际复兴开发银行内部，各国投票权力大小均实行,按资金份额多少决定的原则,按各国国民生产总值一定比例的原则,按各国自愿认购资金份额的原则,按各国人均国民生产总值多少决定的原则,A,C. 按各国自愿认购资金份额的原则
58,阿拉伯世界最有影响的通讯社是,伊拉克通讯社,科威特通讯社,沙特通讯社,中东通讯社,D,C. 沙特通讯社
59,第一次不结盟国家和政府首脑会议在哪召开的,万隆,贝尔格莱德,日内瓦,孟买,B,A. 万隆
60,西方世界历史最久、影响最大的公共广播电视机构是,英国广播电台,德国电视二台,法国广播电台,德国公共广播联盟,A,D. 德国公共广播联盟
61,赫鲁晓夫当政时期，基于苏联经济军事力量与美国存在的差距和巩固自身权力考虑，推行了,无限扩张战略,全球争霸战略,超越遏制战略,有限扩张战略,D,B. 全球争霸战略
62,第三世界的概念是谁创立的,邓小平,尼赫鲁,阿尔弗雷德.索维,毛泽东,C,C. 阿尔弗雷德.索维。
63,不属于欧盟司法警务合作的是,保护欧盟的财产利益,反对恐怖主义,反对种族主义,建立欧洲军团,D,D
64,当今世界充当国际政治行为体的国家共有,170多个,200多个,100个,190多个,A,D. 190多个
65,经济全球化与区域集团化两者之间的关系是什么,有一定矛盾，但从长远看是相互促进、并行不悖,有一定联系，但从长远看是相互对立的,无矛盾，完全一致,无联系，平行发展,A,B. 有一定联系，但从长远看是相互对立的
66,2007年美国国内生产总值是多少美元,12万亿,13.98万亿,13．5万亿,15万亿,B,B. 2007年美国国内生产总值是13.98万亿美元。
67,“冷战“的实质含义是,经济制裁,政治对抗,相对于战争的政治军事对抗方式,美苏之争,C,B. 政治对抗
68,2002年9月，美国在那一份文件中明确提出要对恐怖份子及其支持者进行“先发制人”的军事打击,《网络中心战报告》,《美国安全战略报告》,《反导条约》,《核态势评估报告》,B,B. 《美国安全战略报告》
69,关于欧美关系的说法最恰当是,欧盟是美国的附庸,矛盾多于共同利益,共同利益多于矛盾,两者是亲密盟友,C,C. 共同利益多于矛盾
70,第二次世界大战后局部战争主要发生在,社会主义国家之间,亚非拉地区,欧洲,社会主义同资本主义国家之间,B,B. 亚非拉地区
71,十五国集团于哪一年成立,2001年,2003年,1989年,1980年,C,D. 1980年
72,下列关于“9·11”事件的正确描述是哪一个,是正义力量对美国霸权的合法打击,是典型的恐怖主义行为，反映出国际恐怖组织的严重危害性,是伊斯兰世界与美国之间的战争,世界人民普遍支持这种打击美帝国主义的正义行为,B,B. 是典型的恐怖主义行为，反映出国际恐怖组织的严重危害性
73,埃及是目前非洲新闻事业最发达的国家，该国出版的非洲第一大报是,《共和国报》,《金字塔报》,《埃及信使报》,《新闻报》,B,B. 《金字塔报》
74,北美殖民地时期，因反对殖民当局而酿成“曾格案件”的报纸是,《纽约周报》,《波士顿新闻信》,《新英格兰报》,《国内外公共事件》,A,B. 《波士顿新闻信》
75,17世纪英国资产阶级革命是英国历史上的一个分水岭，主要是因为它,处死了封建君主,改变了社会性质,创立了议会民主制,确立了君主立宪制度,B,A. 处死了封建君主
76,突出表明西欧对南北问题采取较为开明立场的是,洛美协定,第四点计划,赫尔辛基最后文件,福田主义,A,B
77,世界上第一个建立共和制的资本主义国家是哪一个,荷兰,英国,法国,美国,D,D. 美国
78,当今世界正在发生深刻复杂的变化，其时代的主题是,和平与发展,经济全球化,和谐世界,政治多极化,A,D. 政治多极化
79,日本经济发展的原因中，有利于日本经济可持续发展的是,高度重视教育,民主化改革,集中精力进行经济建设,高度重视科技,A,A. 高度重视教育
80,什么分别代表民主党和共和党,熊和公牛,象和驴,公牛和熊,驴和象,D,C. 公牛和熊。
81,克林顿政府为加强对经济的宏观调节和干预成立了什么机构,金融监管委员会,国家安全委员会,国家经济委员会,科学技术委员会,C,C. 国家经济委员会
82,21世纪日本经济调整的重点在于什么,产业结构,金融制度,财政政策,经济结构,B,D. 经济结构
83,中美关系中最敏感的问题是什么,军备控制问题,台湾问题,人权问题,经济问题,B,B. 台湾问题
84,《马约》确定了政治合作机制的地位是什么,欧洲共同防务,司法和警务合作,欧洲一体化,共同外交与安全政策,C,D. 共同外交与安全政策
85,以下不属于国际政治格局的是,维也纳体系,威斯特伐利亚体系,凡尔赛华盛顿体系,东亚封贡体系,D,D. 东亚封贡体系
86,1969年联邦德国政府提出的“新东方政策”的主要内容是,发展同亚太地区发展中国家的关系,改善同苏联、东欧国家的关系,加强同日本的经济合作关系,调解同中东国家的关系,B,A. 发展同亚太地区发展中国家的关系
87,美国前国务卿基辛格曾经说过：“二十一世纪的国际秩序会出现一个似乎自相矛盾的特点：一方面愈来愈分散，一方面愈来愈全球化。”下列最接近此观点的是,南北的贫富差距加剧,国际政治经济新秩序已经建立,世界多极化不可逆转,称霸与反霸的斗争将长期存在,C,C. 世界多极化不可逆转。
88,欧盟最高决策机构是,欧盟委员会,欧洲理事会,欧洲议会,欧洲法院,B,B. 欧洲理事会
89,1997年，日本发行量最大的日报是,《朝日新闻》,《产业经济新闻》,《读卖新闻》,《每日新闻》,C,C. 《读卖新闻》
90,北约于哪一年实现了第一次东扩,2000年,2005年,1999年,2001年,C,C. 1999年。
91,中国与俄罗斯之间的伙伴关系是,战略协作伙伴关系,睦邻互信伙伴关系,全面战略伙伴关系,建设性战略伙伴关系,A,B. 睦邻互信伙伴关系
92,下面哪一个国家不是在北约第一次东扩中加入北约的,罗马尼亚,波兰,匈牙利,捷克,A,C. 匈牙利
93,以下哪个不是当今时代的特征,经济全球化,生态多样化,社会信息化,世界多极化,B,B
94,控制了英国报纸三分之一发行量的新闻国际公司，它的业主是,比维布鲁克,汤姆森,默多克,马克斯韦尔,C,C. 默多克
95,9·11 事件之后，小布什政府组建的一个新的政府部门是什么,国家安全局,国土安全部,国家安全部,反恐专局,B,B. 国土安全部
96,实现欧盟内部商品、资本、劳务、人员自由流通的是,罗马条约,欧洲单一文件,布鲁塞尔条约,申根协定,D,D. 申根协定
97,世界上第一个由发达国家和发展中国家共同组成的经济集团是什么,欧盟,北美自由贸易区,亚太经合组织,欧共体,B,B. 北美自由贸易区。解析：北美自由贸易区(NAFTA)于1994年由美国、加拿大和墨西哥组成的北美三国共同签署，成为世界上第一个由发达国家和发展中国家共同组成的经济集团，旨在降低关税壁垒、促进贸易和投资自由化。
98,自由资本主义时代的“世界工场”指的是,日本,美国,英国,德国,C,C. 英国。自由资本主义时代的“世界工场”指的是英国的工业革命，使英国成为世界上最富强的国家，也使英国工业文明传遍世界。
99,世界上最早正式营业的广播电台是,美国的WWJ电台,法国的巴黎电台,苏俄莫斯科中央广播电台,美国的KDKA电台,D,C. 苏俄莫斯科中央广播电台
100,2008年印度试验了射程为多少公里的“烈火”III型导弹,1500-2000公里,3500-5000公里,5000-6000公里,2000-3000公里,B,B. 3500-5000公里
101,1962年法国某报纸说，戴高乐总统应该时刻准备亮出持有的大量美元这张外交王牌，通过向美国购买黄金而对其施压。美国政府对此颇为重视，认为“法国持有的美元所表现的既是一个政治问题，也是一个经济问题”。这反映了a世界的多极化趋势；b不结盟运动的发展；c布雷顿森林体系面临挑战；d法国抵制马歇尔计划,bd,ab,ac,cd,C,C
102,世界贸易组织秘书处设在,纽约,布鲁塞尔,日内瓦,乌拉圭,C,C. 日内瓦。世界贸易组织秘书处设在瑞士日内瓦。
103,通常认为，世界上第一张日报是1650年在莱比锡创办的,《法兰克福邮报》,《每日新闻》,《莱比锡新闻》,《新到新闻》,D,C. 《莱比锡新闻》
104,世界上最早定时播送电视节目是在,1935年、法国,1939年、苏俄,1936年、英国,1935年、德国,C,C. 1936年、英国
105,在其射程内，对坦克、飞机、舰艇、桥梁等点目标有多少以上直接命中概率的武器可称之为精确制导武器,50%,30%,60%,70%,A,C. 60%
106,哪个国家独立宣告了持续100多年的殖民体系瓦解,南非,埃塞俄比亚,索马里,纳米比亚,D,D. 纳米比亚
107,某机构预测，2022年中国名义GDP约为20.8万亿美元，占全球GDP比重为16.1%；美国仍然是全球最大经济体，名义GDP约为26.8万亿美元，占全球GDP比重为20.6%。位居前十位的其他国家依次为印度、日本、巴西、俄罗斯、德国、墨西哥、法国、英国。如果这一预测成为现实，则意味着 a世界多极化格局最终形成；b世界多极化趋势更加明显；c中美两极格局逐步形成；d我国的国际竞争力进一步提高,ac,bd,cd,ab,B,B. bd
108,进入21世纪以来，金砖国家逐渐成为推动世界经济发展的强有力的新发动机。据估计，2035年金砖国家经济规模可能会超过七国集团。上述事实表明,经济发展是发展中国家面临的共同问题,南北发展不平衡是全球发展的最突出问题,世界政治格局正逐步向多极化演进,国际政治经济秩序发生了根本性变化,C,C. 世界政治格局正逐步向多极化演进。
109,新型军事竞争的核心是什么,军费竞赛,争夺导弹及其防御系统的优势,体制编制调整,以信息化武器装备为主的质量竞赛,D,D. 以信息化武器装备为主的质量竞赛
110,经济全球化是当今世界的一个基本经济特征，世界多极化深入发展是当今国际形势的一个突出特点。下列关于世界多极化的认识不正确的是,两极格局被打破、多极格局已经形成,世界正在形成若干政治经济力量中心,世界多极化发展有利于世界和平发展,世界多极化深入发展加剧了国际竞争,A,A
111,提出“脱亚论”的日本近代思想家是谁,伊藤博文,福泽渝,吉田松阴,大久保利通,B,D. 大久保利通。
112,20世纪90年代，俄罗斯先后进行了几次较大规模的军事改革,二次,四次,三次,五次,C,C. 三次
113,《人民日报》报道，进入2013年，美国实施量化宽松货币政策的劲头丝毫未减。专家指出，美国量化宽松必然增发货币，其过度流动性有可能加剧其他国家通胀的风险。中国应尽快转变依赖出口的经济增长方式，通过扩大内需摆脱负面影响。材料表明,经济全球化只对发达国家有利,经济全球化加剧了全球经济的不稳定性,经济全球化实质上是以发达资本主义国家为主导的,经济全球化造成世界范围内的两极分化,B,C
114,1997年爆发的东南亚经济危机始于哪个国家,菲律宾,马来西亚,印度尼西亚洲,泰国,D,D. 泰国
115,导致华沙条约组织成立的主要原因是,1955年5月5日联邦德国正式加入北约,1949年中华人民共和国成立,1950年朝鲜战争爆发,1954年越南人民开展抗法战争,A,C. 1950年朝鲜战争爆发。
116,中国在国际上的第一大贸易伙伴是,英国,日本,美国,欧盟,D,C. 美国
117,欧共体的核心政策是,科技共同体,关税同盟,共同财政制度,共同农业政策,D,C. 共同财政制度
118,下列地跨两大洲的国家有,以色列,伊拉克,埃及,伊朗,C,C. 埃及
119,宣布欧盟和地中海沿岸国家之间建立全面伙伴关系的文件是,《加强欧洲联盟的地中海政策》,《走向地中海的新战略》,《关于建立欧盟和地中海全面伙伴关系的决定》,《巴塞罗那条约》,A,C. 《关于建立欧盟和地中海全面伙伴关系的决定》
120,《科托努协定》所要解决的是,欧中关系,欧美关系,欧洲与非加太地区关系,欧洲与地中海国家关系,C,C. 欧洲与非加太地区关系
121,苏联解体的直接原因是,长期僵化的政治经济体制,苏联共产党在改革路线和方针政策上所犯的错误,西方的“和平演变”,错误的民族政策,B,B. 苏联共产党在改革路线和方针政策上所犯的错误。
122,宣告建立欧洲联盟的条约是,罗马条约,马斯特里赫特条约,阿姆斯特丹条约,布鲁塞尔条约,B,B. 马斯特里赫特条约
123,5月17日—18日，第19届俄罗斯—欧盟首脑会议在俄南部城市（）举行，俄总统普京，欧盟委员会注意巴罗佐、欧盟轮值主席德国总理默克尔等出席了该会议,乌拉尔斯克,阿拉木图,阿尔库茨克,萨马拉,D,A. 乌拉尔斯克
124,当今世界在经济、政治、外交及防务等方面一体化程度最高的具有超越国家性质的区域性国际组织是,欧盟,北约,联合国,华约,A,A. 欧盟
125,当今世界区域经济一体化组织中制度化和组织化程度最高的区域集团是什么,亚非联盟,欧盟,北约,欧亚联盟,B,B. 欧盟
126,欧盟成立以来的第一份共同安全战略文件会议是什么,国防部长会议,防务合作会议,布鲁塞尔首脑会议,雅尔塔会议,C,D. 雅尔塔会议。
127,关于国际恐怖主义，下列错误的描述是哪一个,是非国家行为体威胁世界安全的典型样式,已经成为少数大国推行霸权主义和强权政治的借口,需要世界各国相互合作，共同应对,是世界各国面临的最主要威胁,D,D
128,1969年2月9日，世界第一架宽机身民航机首次试飞成功，它是,波音757,波音747,波音727,波音767,B,B. 波音747
129,首届亚欧会议举办地是,伦敦,上海,布鲁塞尔,曼谷,D,C. 布鲁塞尔。
130,标志着欧洲经济与货币联盟最终建立的是,欧洲单一文件签订,欧洲统一市场,欧元诞生,欧洲统一汇率,C,B. 欧洲统一市场
131,日本是在哪一年成为世界第二大经济强国的,1966年,1967年,1968年,1970年,C,C. 1968年。
132,《权利法案》载：“凡未经议会同意，以国王权威停止法律或停止法律实施之僭越权力，为非法权力”。对这一条文最准确的理解是,法律的权威高于国王的权威,国王的权力受到议会的制约,议会权力超过国王，国王处于“统而不治”地位,国王与议会共商国是成为一种制度,B,B
133,网络中心战是由谁首次提出的,奥尔加科夫,亨廷顿,托夫勒,杰伊.约翰逊,D,C. 托夫勒。
134,中印俄等新兴国家、广大发展中国家的地位作用日益凸现，美国操控国际局势的能力受到削弱，在世界格局中的优势地位呈下降之势。这告诉我们 a南北发展差距缩小，南北问题得以解决；b各种力量相互制约，有利于国际关系民主化；c单极格局终结，体现了时代进步；d世界向多极化发展，符合各国人民利益,ac,cd,ab,bd,D,D
135,当前维护世界和平的根本途径是什么,加强国际干预,发挥联合国的维和作用,实行有效裁军和军控,反对霸权主义和强权政治,D,C. 实行有效裁军和军控。
136,有学者认为，当今世界，亚洲和非洲的经济体表现突出，中国经济健康稳定的发展对于推动亚非国家和地区的增长至关重要，尤其是共建“一带一路”倡议的不断落实，为包括拉美在内的世界经济提供重要动力。这表明 a中国坚定地走中国特色社会主义道路；b中国的国际影响力、感召力进一步提高；c中国为世界和平与发展作出新的更大贡献 d中国成为世界多极化中的关键一极,ad,cd,ab,bc,D,B
137,谋求世界各国经济共同发展的根本途径是什么,加强南南合作,加速各国经济结构的调整,建立公正、合理、平等、互利的国际经济新秩序,推动南北对话,D,C. 建立公正、合理、平等、互利的国际经济新秩序。
138,确立了美元在战后国际金融领域的中心地位的是什么协定,布雷顿森林协定,世界贸易组织协定,《国际货币基金协定》,关税与贸易总协定,A,A. 布雷顿森林协定
139,以下哪一场战争是典型的非线性作战,阿富汗战争,伊拉克战争,科索沃战争,海湾战争,D,A. 阿富汗战争
140,在美国决定加征关税后，中国、印度、加拿大、俄罗斯等经济体均采取了反制措施；在美国严令印度不得购买俄罗斯武器的情况下，印度仍然向俄罗斯购买了远程地对空导弹系统，并称是为了国防需要，与美国无关。材料表明 a世界格局呈现向多极化深入发展的特点；b世界各种力量出现根本性的分化和组合；c称霸与反霸、单极与多极矛盾长期存在；d世界多极化深入发展导致国际冲突加剧,ac,ab,cd,bd,A,B
141,20世纪70年代苏美争霸的态势是,苏联采取攻势，美国处于守势,美苏互有攻守,美苏关系全面缓和,美国采取攻势，苏联处于守势,A,D. 美国采取攻势，苏联处于守势
142,2003年印度首次公开宣示核政策，计划在2010年前后拥有多少件核武器,100-200,200-300,300-400,60-80,C,B. 200-300
143,美国杜鲁门政府实施向第三世界国家的经济扩张与渗透，提出,洛美协定,马歇尔计划,库克基金,第四点计划,D,B. 马歇尔计划
144,下列不属于国际政治体系的特征是,相互制约,相互渗透,相互依存,行为体之间平等,D,A
145,日本公共广播电视机构的名称是,日本广播协会,全国朝日广播公司,日本电视广播公司,东京广播公司,A,A. 日本广播协会
146,日本进行明治维新时，中国正在进行,义和团运动,戊戌变法,太平天国运动,洋务运动,D,B. 戊戌变法
147,20世纪70代年初，美国为推行尼克松主义，缓和美苏关系，与苏联签署了下面哪项条约,《不扩散核武器条约》,《关于销毁中程和中短程导弹条约》,《限制反弹道导弹系统条约》,《进一步削减和限制进攻性战略武器条约》,C,B. 《关于销毁中程和中短程导弹条约》
148,随着冰期的结束，全新世气候开始转暖，约在（）前进入最暖的时期，国际上称为全新世大暖期,1.8万年,9千年,3.2万年,1千年,B,C. 3.2万年
