0,日耳曼人开始了日耳曼蛮族大入侵是在什么时期。,2世纪,4世纪,3世纪,1世纪,B,D
1,宗教信仰自由受（）保护，公民有信仰宗教的自由。,国家,政府,条例,宪法,D,D
2,以佛教为国教的国家是,马来西亚,新加坡,日本,泰国,D,D
3,早期基督教的赎罪方式是,向教会购买赎罪券,祈求教会处死,内心真诚忏悔和肉体自我折磨,体罚和流放,C,C
4,“特兰托会议”是哪个教派所召开的改革会议？,天主教,东正教,基督教,新教,A,D
5,第一个带领法兰克人皈依正统基督教信仰的人是,克洛维,路易,查理曼,丕平,A,A
6,在佛教传入中原之后，修筑的第一座寺庙是,桑耶寺,白马寺,潭柘寺,少林寺,B,B
7,《心经》中的观自在菩萨是指,文殊菩萨,地藏菩萨 ,观音菩萨,弥勒菩萨,C,C
8,君士坦丁皇帝于公元325年主持召开了第一次基督教世界大会，即,罗马会议,尼西亚公会议,君士坦丁会议,米兰公会议,B,D
9,早期的北传佛教的经典多用什么语言所写,藏文,汉文,梵文,僧伽罗文,C,D
10,云南地区傣族、德昂族、阿昌族、布朗族、佤族的信徒，信仰的宗教主要是,大乘佛教,伊斯兰教,小乘佛教,藏传佛教,C,D
11,希腊神话最初是由什么开始的。,乌兰诺斯,赫拉,宙斯,混沌,D,D
12,《坛经》，是历史上除佛经外，唯一被尊称为“经”的佛教典籍。此书作者是,六祖慧能,南天竺菩提达摩,释迦牟尼,五祖宏忍,A,A
13,最早到中国传教的耶稣教会人员是,沙勿略,罗耀拉,利玛窦,罗明坚,C,D
14,世界最大的佛学院五明佛学院位于哪里？,道孚,喇荣,炉霍,德格,B,B
15,天台宗以哪部经为依据,华严经,圆觉经,楞严经,法华经,D,A
16,藏传佛教四大教派是指,宁玛、萨迦、噶举、觉囊,宁玛、萨玛、噶举、觉囊,宁玛、萨玛、噶举、格鲁,宁玛、萨迦、噶举、格鲁,D,D
17,世界三大宗教中，佛教创立时间相当于,西周时期,春秋战国时期,秦朝,汉朝,B,B
18,黄心川岩翻出，偿拜道捏出三教合一虽则部是立足于本软而融据其他两者，但归视结底实行的迁得是()的组合影式,以上都不对,以来为主，儒、道携手为辅,以道为主，儒，偶携手为辅,以便为主，佛，造拂手为辅,D,B
19,瑞士宗教改革家领袖是,马丁·路德,乌利斯·茨温利,亨利八世,加尔文,B,B
20,被中国佛教尊为“八宗之祖”的是,观音菩萨,马明菩萨,龙树菩萨,准提菩萨,C,C
21,东方三圣是指,药师如来，弥勒菩萨，地藏菩萨,药师如来，观音菩萨，地藏菩萨,药师如来，日光菩萨，月光菩萨,药师如来，普贤菩萨，文殊菩萨,C,C
22,我们所居的娑婆世界，经中称为,七浊恶世,三浊恶世,十浊恶世,五浊恶世,D,D
23,对中国文化思想和知识分子影响最大的宗派是,华严宗,禅宗,三论宗,法相宗,B,B
24,下列事件发生的先后顺序是①穆罕默德兵临麦加城下②穆罕默德病逝③穆罕默德出走麦地那④穆罕默德出家隐修,④③①②,①②③④,③①②④,④③②①,A,D
25,保镇认为其实在六道之中，虽然每一道修具有平等的意义，但具有殊胜性的是。,天,人,阿修罗,地狱,B,D
26,三界是指欲界、色界和,无欲生,天界,无色界,空界,C,C
27,在犹太教中，把它们所期盼的救主称作,上帝,“受膏者”，即（弥赛亚）,耶和华,摩西,B,B
28,将真理告知大众在佛语中称作,心施,行施,财施,法施,D,D
29,供养父母是属于哪种福田,悲田,敬田,恩田,孝田,C,D
30,基督教的精神本质是将人提到光明圣洁的神性生活，而中世纪教会的实践活动却把基督徒们引向了,犬儒主义之中,唯灵主义之中,最粗鄙野蛮的肉欲放纵之中,神秘主义之中,C,C
31,以下谁是古希腊神秘主义思想的集大成者，他所创立的理念世界与感觉世界、灵魂与肉体向对立的二元论哲学，后来成为（基督神学）的主要思想来源。,柏拉图,苏格拉底,斐洛,亚里士多德,A,C
32,印度中观理论的创始人是,莲池大师,龙树大师,道信大师,鸠摩罗什,B,B
33,罗马帝国早期的基督教曾以()而著称。,内心忏悔和救赎,信仰强化和排除异己,信仰坚定和道德高尚,原罪与忏悔,C,C
34,学佛应以什么为首要？,正定,持戒,布施,正见,D,D
35,东正教最高首领被称为,枢机主教,大主教,都主教,牧首,D,A
36,根据犹太人的叙述，早在公元前13世纪末，在犹太人中间就出现了一位先知是,基督,摩西,保罗,彼得,B,B
37,三宝是指,天地人,戒定慧,佛法僧,断舍离,C,C
38,基督教哲学的发展科分为两个阶段，即早期的教父哲学和后期的,神秘主义哲学,经院哲学,怀疑主义哲学,唯灵主义哲学,B,B
39,菩萨教化众生必须博学多闻，要具备五明，其中内明是指,逻辑学,工艺学,语言学 D:医学,佛学,D,D
40,一切有为法，如梦幻泡影，如露亦如电，应作如是观。此段经文出自,地藏经,六祖坛经,金刚经,华严经,C,C
41,佛经有云“人有三事胜过诸天”，即,戒定慧,断舍离,贪瞋痴,忆念梵行勤勇,D,C
42,分达赖和班禅两大系的是,新黄教,红教,老黄教,白教,A,D
43,犹太人的祖先()人大约在（公元前14世纪上半叶）由沙漠侵入巴勒斯坦，与当地的迦南人逐渐融合，形成农耕的以色列部落。,希伯来人,腓尼基,亚述,迦太基,A,A
44,断除三界烦恼的圣人是,阿罗汉,菩萨,佛,神明,A,A
45,罗素把谁称为“古代伟大哲学家中的最后一个人”。,普罗提诺,柏拉图,斐洛,亚里士多德,A,D
46,1073年，教会的强硬派人物希尔德布兰登上了教皇宝座，此人即是,卜尼法斯,格里高利七世,克雷芒七世,英诺森三世,B,C
47,罗马帝国对基督徒进行的最后一次大规模镇压发生在谁的执政时期。,戴克里先,图拉真,尼禄,狄奥多西,A,D
48,城邦时期的宗教文化生活主要是,祭神,竞技会,祭天,庙会,A,D
49,基督教最初是从什么发展而来的。,伊斯兰教,犹太教,太阳神教,万神教,B,B
50,希腊神话中的是（雷电）之神，也是奥林匹斯众神之首。,宙斯,阿波罗,该亚,乌兰诺斯,A,D
51,佛教的出家人姓“释”是由谁所提出？,弘忍大师,玄奘大师,六祖大师,道安大师,D,D
52,净土三经是指,阿弥陀经、无量寿经、观无量寿经,楞严经、圆觉经、法华经,般若经、华严经、法华经,金刚经、心经、坛经,A,A
53,以下那一位赞普在自己登位后开始实行大规模灭佛运动,朗达玛,赤松德赞,赤德祖赞,赤祖德赞,A,A
54,以下哪个不是中世纪宗教裁判所迫害的所谓“异端”,信奉他教之人,“巫士”和犹太人,具有新思想的科学先驱,持不同宗教见解者,A,C
55,圣经四部福音书指的是马太福音、马可福音、路加福音和,彼得福音,保罗福音,约翰福音,基督福音,C,C
56,佛教史上第一座精舍为,祇园精舍,竹林精舍,鹿野苑,山谷精舍,B,A
57,按产生时间的先后顺序排列世界三大宗教，应该是①基督教②佛教③伊斯兰教,②①③,②③①,③②①,①②③,A,B
58,哪一部经是佛无问自说,圆觉经,阿弥陀经,坛经,金刚经,B,D
59,佛教最早传入中国的经典是,般若经,法句经,阿含经,四十二章经,D,C
60,以下哪一个不是希腊宗教敬拜活动,奈美竞技会和伊斯米竞技会,雅典娜节和酒神节,奥林匹亚竞技会和毕提竞技会,牧神节与角斗,D,D
61,基督教的本质就是,物质主义,犬儒主义,唯灵主义,禁欲主义,C,C
62,佛教四大天王中，西方广目天王手持的兵器是,琵琶,宝剑,雨伞,绳索或龙蛇,D,D
63,公元前11—前10世纪，以色列部落在以下几位国王的统治下曾建立过统一的以色列王朝，以下哪个错误,大卫,所罗门,扫罗,约伯,D,D
64,早期教会大学的授课内容主要是（文法、修辞、逻辑、数学、几何、音乐和天文），合称,艺术,文艺,文学,“七艺”,D,D
65,佛教所讲“色受想行识”是指,五蕴,五明,五常,五处,A,A
66,人是众因缘和合而生，故名,人生,旁生,众生,化生,C,C
67,以下不是西方教会最杰出的三位教父，修道主义的推动者的是,安东尼,奥古斯丁,杰罗姆,安布罗斯,A,C
68,下面不属于天主教阵营的国家是,意大利,西班牙,德国,法国,C,C
69,佛教修行的基本内容是,“戒、定、慧”三学,四圣谛,三法印,“身、语、意”三业,A,A
70,“诸行无常、诸法无我、涅盘寂静”称为,三皈依,三乘道,三法界,三法印,D,D
71,下面犹太教派别中哪个教派信奉耶稣就是拯救他们的弥赛亚。,法利赛人,吉伦特派,加利利派,撒都该人,C,C
72,中世纪西欧的封建制的层层分封的（金字塔）形结构是由什么组成的。,封臣-贫民,领主-贫民,领主-封臣-贫民,领主-封臣,D,D
73,世界三大主要建筑体系不包含哪个,欧洲建筑,伊斯兰建筑,美洲建筑,中国建筑,C,A
74,内心起瞋恚，要以（）对治?,自在观,因缘观,不净观,慈悲观,D,C
75,早期基督教的使徒和教父的神学思想大部分来源于,亚里士多德,苏格拉底,柏拉图,斐洛,B,D
76,公元313年，君士坦丁在米兰与东罗马帝国利西尼乌斯共同颁布了一条敕令，宣布“绝对的信仰自由，将基督教与罗马帝国的其他宗教置于完全同等的法律保护之下”。这个敕令是,《尼西亚信经》,《米兰敕令》,《本尼狄克教规》,《狄奥多西赦令》,B,B
77,下列哪个地方的佛教属于汉语系,印度,日本,蒙古,泰国,B,D
78,佛陀初转法轮之地是,蓝毗尼园,鹿野苑,祇园精舍,拘尸那罗,B,A
79,称为妙吉祥的菩萨是,观音,普贤,准提,文殊,D,D
80,八苦中因身的不协调所引起的是,求不得,生老病死,怨憎会,爱别离,B,D
81,菩萨修行的位次初地是指,离垢地,远行地,欢喜地,发光地,C,D
82,罗马教会对于神圣罗马帝国的胜利的重要原因是,平民拥护,教皇掌权,法国国王们对于教会的支持,国王信教,C,D
83, 四大菩萨中，观音菩萨代表,大行,大愿,大悲,大智,C,C
84,马丁·路德宗教改革理论根基的核心是,因信称义,人人皆僧侣,十字架神学,善功称义,A,A
85,在17世纪，首先实行宗教宽容的国家是,荷兰,西班牙,英国,法国,A,A
86,手握利剑，骑狮子座上的菩萨是,地藏菩萨,文殊菩萨,观音菩萨,普贤菩萨,B,B
87,在中国信徒最多的宗教是,佛教,基督教,伊斯兰教,道教,D,B
88,从“末世论”到（）的发展是基督教最终摆脱犹太教而成为一种独立的世界性宗教的重大标志。,无神论,万神论,福音说,“救赎说”,D,D
89,藏地境内被称作圣母之水的山峰是哪一座,贡嘎山,冈仁波齐,南迦巴瓦,珠穆朗玛,D,A
90,基督教的标志是,万字符,十字架,太板八卦,新月,B,B
91,佛教最短的经是,普门品,弥陀经,金刚经,心经,D,D
92,伊斯兰教历的元年是,622年,620年,632年,630年,A,B
93,以下哪个不是教父哲学所主要探讨的问题,一神论,上帝论,基督论,人性论,A,D
94,《维摩经》的理想世界是,人间净土,东方净土,十方净土,西方净土,A,C
95,世俗贵族和教会贵族的领地不受国王代理人的管辖，这种权力是。,归属权,统辖权,豁免权,生命权,C,C
96,以下哪个不是基督教的三大信誓,自由,贞洁,顺从,贫穷,A,D
97,声闻是听闻到什么而悟道？,八正道,十二因缘,四圣谛,三法印,C,C
98,佛教提出不净观、布施对治,贪,掉悔,睡,嗔,A,B
99,佛教最早传入中国的经典是,四十二经,法句经,般若经,心经,A,D
100,基督教的基本思想是,神秘主义,灵与肉的合二为一,灵与肉的二元对立,禁欲主义,C,C
101,何谓三藏,佛、法、僧,戒、定、慧,断、舍、离,经、律、论,D,D
102,佛祖释迦牟尼的诞生日是农历哪一天,十二月初八,二月十五,二月初八,四月初八,D,A
103,希腊神话中的该亚是,天后,海神,天神,大地之母,D,D
104,佛诞日又叫浴佛节，其时间是,四月初八,三月十二,腊月初八,十二月十日,A,A
105,第几次十字军东征进一步加深了西方天主教徒与东方东正教徒之间的矛盾。,二,四,三,五,B,B
106,为纪念尺尊公主入藏而修建的寺庙是,小昭寺,哲蚌寺,大昭寺,布达拉宫,C,C
107,在家居士菩萨戒是受,十重四十八轻戒,五戒,六重二十八轻戒,十戒,C,D
108,第一位来到中国的大译经家是,不空,真谛,鸠摩罗什,玄奘,C,D
109,基督教得以在罗马帝国时期中发展壮大并且最终取得全面胜利的重要原因是文化上的,兼收并蓄，多元混合,教义深邃,独树一帜,政教合一,A,D
110,六度中的禅定是用来对治,贪婪,愚痴,散乱,瞋恨,C,C
111,英格兰的宗教改革没有涉及到的是,教会行政体系,基督教教义,教会组织,教会权力,B,C
112,确立基督教为罗马帝国的国教，是在哪位皇帝执政期间发生的。,狄奥多西,戴克里先,君士坦丁,尼禄,A,A
113,佛陀弟子中，多闻第一的是,罗睺罗,阿难陀,富楼那,阿难,D,B
114,我国四大宗教中，创立时间最早的是,佛教,基督教,伊斯兰教,道教,A,D
115,公元l世纪中叶至公元7世纪，为佛教发展的,部派佛教阶段,原始佛教阶段,密教阶段,大乘佛教阶段,D,D
116,在公元500-800年间，教会对蛮族进行教化的工作主要是,灌输基督教信仰,恩典教区的教民,政教合一,兴办教育,A,A
117,佛教以莲花代表,慈悲,清净,智慧,不贪着,B,B
118,希腊化时期的人们的宗教生活转向了,唯灵主义,物质主义,神秘主义,纵欲主义,C,D
119,佛陀宣说了断善根的阐提也可成佛，是在,涅槃经,般若经,地藏经,法华经,D,D
120,唐代传入中国的基督教派,苏菲派,天主教,景教,什叶派,C,C
121,最先将基督教的福音传播到罗马城的是耶稣的门徒,约翰,彼得,路加,保罗,B,D
122,释迦牟尼悟道地和初转法轮地分别是,鹿野苑、拘尸那迦城,菩提伽耶、蓝毗尼花园,菩提伽耶、鹿野苑,蓝毗尼花园、鹿野苑,C,C
123,下面将宗教宽容原则写进去的条约是,《奥格斯堡和约》,《威斯特伐利亚和约》,《权利法案》,《至尊法案》,B,B
124,基督教会根据《圣经》中关于农牧产品的十分之一“属于上帝”的说法向信教的民众收取,供税,附加税,什一税,农产品税,C,C
125,以下哪一位佛不属于三世佛,燃灯佛,阿弥陀佛,弥勒佛,释迦牟尼佛,B,A
126,摩西与上帝的立约被称作,福音书,上帝的羔羊,弥赛亚,“摩西十戒”,D,C
127,中国禅宗真正创始人是指,六祖慧能,菩提达摩,释迦牟尼,五祖宏忍,A,A
128,基督教产生于公元前,2世纪,1世纪,3世纪,4世纪,B,B
129,佛教的目中有“人”意味着它的所有教法必须是从三个角度来实现的。这样才能真正称为一种教法，这三个角度不包括,契机,成就,契理,觉悟,B,B
130,六度的正确次序是,持戒，布施，忍辱，精进，禅定，般若,布施，持戒，忍辱，精进，禅定，般若,精进，忍辱、禅定，布施，持戒，般若,忍辱，持戒，布施，精进，禅定，般若,B,B
131,基督教最初传到罗马帝国时，只被什么人接受。,皇族,贵族,下层人民,公民,C,D
132,基督教于什么时候被罗马帝国承认是合法宗教。,公元42年,公元64年,公元250年,公元313年,D,D
133,修学佛教五乘共法，其中“乘”的本意是,乘坐,车子,上乘,道路,B,D
134,世间一切有为法皆无独立性、恒常性，必须靠“因”、“缘”和合才有“果”，这是佛教的,业报论,缘起论,无常论,因缘论,B,D
135,佛陀入涅槃前所度的最后一位弟子是,舍利佛,阿难陀,富楼那,须跋陀罗,D,D
136,以下哪一个主张从（纯粹的哲学思辨中）而不是从癫狂的祭祀仪式中来实现灵魂对肉体的超越。,奥尔弗斯教,犹太教,毕达哥拉斯主义,基督教,C,C
137,最早创立活佛转世制度的是()的黑帽系。,噶举派,萨迦派,宁玛派,格鲁派,A,D
138,谁奠定了基督教教义和教规的理论基础，使基督教超过了犹太教的社会解放理想而成为一种灵魂得救的福音。,路加,约翰,保罗,彼得,C,C
139,佛教教旗，是根据佛陀成道时圣体所放出的色光制成的，有,六七色,五色,六色,四色,B,B
140,希腊建筑最辉煌的杰作是（帕台农神庙、德尔菲神庙，狄奥尼索斯剧场）。在希腊宗教和希腊文化中，构成了最基本的特征的是。,自然崇拜和感觉主义,自然崇拜和神秘主义,敬神和感觉主义,敬神和神秘主义,A,D
141,苦、乐、不苦不乐是属于()的范围？,取,想,触,受,D,D
142,修道运动的创始人是埃及的,安东尼,杰罗姆,本尼狄克,安布罗斯,A,A
143,佛陀十大弟子中，智慧第一的是,舍利弗,须菩提,目犍连,大迦叶,A,A
144,罗马帝国对基督教徒的第一次大规模的迫害发生在谁当政时期。,哈德良,图拉真,屋大维,尼禄,D,C
145,从理论上确认了宗教事务的独立性和罗马教会对原罗马帝国西部的统治权，成为后来教会与世俗王权斗争的重要理论根据的是,《神圣一体敕谕》,“君士坦丁赠礼”,《沃尔姆斯宗教合约》,《教皇赦令》,B,C
146,改庆友与宾头卢为降龙、伏虎，钦定十八罗汉的皇帝是,元世祖忽必烈,雍正,康熙,乾隆,C,A
147,西方三圣是指,阿弥陀佛，大势至菩萨，地藏菩萨,阿弥陀佛，观音菩萨，大势至菩萨,阿弥陀佛，普贤菩萨，观音菩萨,阿弥陀佛，观音菩萨，文殊菩萨,B,B
148,“色受想行识”中的“想”是指：,意念,物质,感受,造作,A,A
149,是谁通过把希腊哲学中的“逻各斯”概念和“理念论引入旧约，是犹太教的上帝、先祖、先知具有了形而上学的性质。,柏拉图,斐洛,苏格拉底,亚里士多德,B,D
150,佛教四大天王中，手持宝剑的是,北方多闻天王,东方持国天王,西方广目天王,南方增长天王,D,D
151,以下哪个不是封臣对领主所尽的义务。,为领主提供军事上的援助,奉献所封的领土,经济上的捐助,道义上的忠诚,B,B
152,下列哪个不是中国伊斯兰教的三大教派之一,黄教,伊赫瓦尼,格迪目,西道堂,A,D
153,犹太教的中心是,割礼制度,信仰上帝,律法和祭祀,信仰和道德,C,C
154,()中所记载的犹太人的圣教历史是一部充满了罪孽意识的苦难史，这种沉重的罪孽意识同时极大地激起犹太民族的选民意识。,《旧约》,《犹太教》,福音书,《新约》,A,A
155,中国佛教四大名山中，观音菩萨的道场是,浙江普陀山,安徽九华山,四川峨嵋山,山西五台山,A,A
156,基督教和犹太教彻底分道扬镳的最重要的思想原因是,道德信仰的差异,犹太教有强烈的复仇心理，基督教主张宽容,新约的出现,犹太教是朴素的律法主义，基督教是形而上学的唯灵主义,D,D
157,每年因去麦加朝圣，会出现惨烈的踩踏事故。但还有许多虔诚的信徒，不惜一切代价前往。他们信奉的宗教是,基督教,伊斯兰教,道教,佛教,B,B
158,割礼制度是以下哪个宗教的祖传礼仪。,万神教,伊斯兰教,犹太教,太阳神教,C,C
159,在罗马宗教生活和文化生活什么紧密联系在一起。,个人生活,日常生活,祭祀活动,政治生活,D,D
